1	2	3	4	5	6	0   0   0   0   0   0   0   0 
5	6	7	8	9	10	11	12	13	0   0   0   0   0
7	8	9	10	11	12	13	0   0   0   0   0   0   0
10	11	12	13	14	15	16	17	18	19	0   0   0   0 
10	11	12	13	14	15	16	17	18	19	20	21	22	23
16	17	18	19	20	21	22	0   0   0   0   0   0   0
25	26	14	27	28	16	29	30	31	32	33	34	35	0
26	14	27	28	16	29	30	31	32	33	34	0   0   0  
14	27	28	16	29	0   0   0   0   0   0   0   0   0  
14	27	28	16	29	30	31	32	33	34	0   0   0   0  
37	38	39	17	30	40	41	42	43	44	45	46	0   0 
30	40	41	42	43	44	0   0   0   0   0   0   0   0