30 11 17 29 18 19 14 7 16 3 28 8 21 24 5
          26 23 19 1 27 9 20 18 29 8 5 2 4 12 15
          20 18 12 15 2 10 24 21 25 8 11 22 6 16 30
          3 30 11 16 6 7 17 8 21 24 2 25 5 15 10
          6 22 11 7 16 30 3 17 28 8 15 21 25 2 5
          6  16  3  22 7 14 19 13 18 12 15 10 2 24 25
          25 5 24 21 15 10 2 4 12 26 8 3 16 22 7
          18 1 29 17 11 8 21 25 15 12 26 23 19 20 13
          23 1 14 7 3 16 6 22 11 30 28 17 8 29 18
          26 29 17 11 30 28 8 21 5 2 15 25 24 4 12
          10 24 15 12 18 23 1 27 9 13 20 19 14 7 22
          30 3 7 17 16 6 22 11 28 8 26 12 15 25 24