14 51 34 59 42 28 13 5 8 41 47 54 48 7 64 25 63 27 9 56 53 21 18 44 62 45 61 15 3 1
43 16 31 64 7 22 25 63 50 10 2 12 69 60 11 21 14 44 62 15 61 45 18 51 3 24 70 67 55 6 
3 24 1 70 67 49 4 30 20 39 37 23 14 34 44 21 56 17 27 31 63 22 64 7 36 65 53 9 11 18 
48 8 54 41 5 26 13 28 68 66 40 19 55 37 46 42 35 52 58 36 7 57 29 11 9 53 65 59 34 21 
25 22 63 43 31 64 7 57 29 9 27 50 10 32 12 2 17 56 21 34 59 52 65 36 58 35 46 23 20 30 
6 66 20 30 67 55 19 33 40 49 70 39 23 14 44 51 1 4 24 3 15 62 18 56 17 27 63 22 64 31 
15 3 51 14 23 39 55 66 19 68 38 33 40 49 67 30 4 20 37 42 52 58 26 28 13 5 8 47 54 48 
5 41 47 54 48 7 22 31 25 43 50 27 9 52 42 28 68 38 66 6 33 19 55 37 20 67 30 24 51 34 
1 70 24 30 67 55 37 20 4 49 40 66 33 38 19 39 23 14 34 44 51 3 15 45 61 18 10 50 16 63 
69 60 2 10 12 50 43 16 63 27 9 52 57 29 11 53 56 18 45 61 62 44 21 14 23 39 70 19 66 40 
70 1 51 24 3 15 45 18 61 62 44 34 21 11 17 27 9 53 65 59 46 42 26 13 5 54 47 8 41 48
61 18 21 34 51 3 15 45 62 44 14 23 20 4 67 70 24 30 49 40 19 55 66 38 68 28 42 36 65 53 
62 45 15 61 18 60 69 12 50 43 63 31 27 9 29 11 56 21 44 34 23 37 42 36 7 22 25 64 0 0
34 59 36 58 35 26 13 5 41 54 8 48 7 57 9 27 2 32 12 16 43 63 50 10 18 44 51 14 23 20 
52 36 65 59 34 23 20 4 30 24 1 3 51 44 14 21 56 9 57 7 22 25 64 31 16 63 50 27 17 11 
